Command & Conquer + represalias & Red Alert PS1 PlayStation 1 Paquete Juego PAL;46,37 EUR;+ 17,11 EUR de envío estimado;Vendidos  28 sep 2021Artículo vendido;desde Reino Unido;
Command & Conquer: red Alert PlayStation 1 PS1 | Completo Buen Estado Probado;10,42 EUR;+ 18,24 EUR de envío estimado;Vendidos  27 sep 2021Artículo vendido;desde Reino Unido;
Command & Conquer Red Alert 3 Ultimate Edition PS3 Playstation 3 * Free UK Post **;12,74 EUR;+ 2,90 EUR de envío;Vendidos  26 sep 2021Artículo vendido;desde Reino Unido;
Command & Conquer 2: alerta roja-contra golpe (Sony PlayStation 1, 1998) PAL;19,99 EUR;+ 14,99 EUR de envío;Vendidos  25 sep 2021Artículo vendido;desde Alemania;
Command & Conquer 2: alerta roja Sony Playstation PS 1 ps1 juego muy bien;14,99 EUR;+ 7,39 EUR de envío;Vendidos  25 sep 2021Artículo vendido;desde Alemania;
Command & Conquer: red Alert 3 Ultimate Edition - (Sony Playstation 3, 2009);8,41 EUR;+ 16,43 EUR de envío estimado;Vendidos  22 sep 2021Artículo vendido;desde Reino Unido;
Command & Conquer Red Alert Playstation 1 PC Juego de temática-té café taza Taza;13,67 EUR;+ 16,52 EUR de envío estimado;Vendidos  22 sep 2021Artículo vendido;desde Reino Unido;
Command & Conquer Sony Playstation PS1 Caja Grande Doble caso PAL;12,70 EUR;+ 20,56 EUR de envío estimado;Vendidos  20 sep 2021Artículo vendido;desde Reino Unido;
Command & Conquer-Platinum (Sony PlayStation 1, 1998) sólo PS1-disco 1;4,58 EUR;Envío no especificado;Vendidos  19 sep 2021Artículo vendido;desde Reino Unido;
Command & Conquer: red Alert 3 Ultimate Edition-Playstation 3-Completo;5,79 EUR;+ 18,69 EUR de envío estimado;Vendidos  18 sep 2021Artículo vendido;desde Reino Unido;
Sony PS1 Playstation Juego-Command & Conquer: red Alert-BS1;11,59 EUR;+ 21,16 EUR de envío estimado;Vendidos  18 sep 2021Artículo vendido;desde Reino Unido;
PlayStation ps1-Command & Conquer parte 1: el tiberiumkonflikt-instrucciones;3,99 EUR;+ 1,80 EUR de envío;Vendidos  17 sep 2021Artículo vendido;desde Alemania;
Command & Conquer PS1 Playstation 1-COMPLETO-Pal - 2 Disco-Platinum;10,44 EUR;+ 16,46 EUR de envío estimado;Vendidos  14 sep 2021Artículo vendido;desde Reino Unido;
Command & Conquer: red Alert | PlayStation 1 | PS1 | Sony | PAL;11,59 EUR;+ 18,61 EUR de envío estimado;Vendidos  11 sep 2021Artículo vendido;desde Reino Unido;
Command & Conquer-PS1;10,42 EUR;+ 16,46 EUR de envío estimado;Vendidos  11 sep 2021Artículo vendido;desde Reino Unido;
Command & Conquer: red Alert Playstation 1 Classics PS1;10,31 EUR;+ 21,68 EUR de envío;Vendidos  11 sep 2021Artículo vendido;desde Reino Unido;
Command & Conquer: red Alert 3 Ultimate Edition-PlayStation 3 (PS3) completa.;10,38 EUR;+ 11,59 EUR de envío;Vendidos  10 sep 2021Artículo vendido;desde Reino Unido;
Command & Conquer-PlayStation 1 Platinum PAL 1996 Westwood juego VIRGIN SONY;6,96 EUR;+ 16,39 EUR de envío estimado;Vendidos  9 sep 2021Artículo vendido;desde Reino Unido;
Command & Conquer Red Alert-Sony PS1 Playstation 1 Juego-en muy buena condición!;15,04 EUR;+ 11,58 EUR de envío;Vendidos  9 sep 2021Artículo vendido;desde Reino Unido;
Command & Conquer parte 1: el tiberiumkonflikt Nod sólo el CD ps1 PlayStation 1;6,99 EUR;+ 4,00 EUR de envío;Vendidos  8 sep 2021Artículo vendido;desde Alemania;
Command & Conquer Red Alert-Sony Playstation 1 PS1-PAL-COMPLETO;17,38 EUR;+ 16,59 EUR de envío estimado;Vendidos  6 sep 2021Artículo vendido;desde Reino Unido;
Command & Conquer Big Box~PS1~PS One~ Playstation 1~Virgin Westwood~1996;20,00 EUR;Envío no especificado;Vendidos  6 sep 2021Artículo vendido;desde España;
Command & Conquer: red Alert PlayStation 1 PS1 Video Juego Gratis P&P;15,06 EUR;+ 16,55 EUR de envío estimado;Vendidos  4 sep 2021Artículo vendido;desde Reino Unido;
Command & Conquer Sony Playstation 1 Platino completa probada ps1 PAL;8,10 EUR;+ 19,83 EUR de envío estimado;Vendidos  4 sep 2021Artículo vendido;desde Reino Unido;
Command & Conquer Red Alert Platino versión SONY PLAYSTATION PS1 PS2 PAL en muy buena condición;23,18 EUR;+ 16,70 EUR de envío estimado;Vendidos  3 sep 2021Artículo vendido;desde Reino Unido;
Command & Conquer: red Alert PlayStation 1 PS1 Video Juego-probado, gastos de envío gratis;13,90 EUR;+ 16,52 EUR de envío estimado;Vendidos  2 sep 2021Artículo vendido;desde Reino Unido;
Command & Conquer Red Alert 3 Sony Playstation 3 PS3 Juego Gratis P&P;8,10 EUR;+ 16,42 EUR de envío estimado;Vendidos  2 sep 2021Artículo vendido;desde Reino Unido;
Command & Conquer: red Alert -- Platinum (Sony PlayStation 1, 1997) ** ** COMPLETA;13,90 EUR;+ 18,83 EUR de envío estimado;Vendidos  2 sep 2021Artículo vendido;desde Reino Unido;
Command & Conquer: alerta roja 3-Ultimate Edition (Sony PlayStation 3);12,99 EUR;+ 2,70 EUR de envío;Vendidos  1 sep 2021Artículo vendido;desde Alemania;
Command & Conquer represalias PS1 2 disco completo PAL Sony PlayStation;23,18 EUR;+ 18,82 EUR de envío estimado;Vendidos  31 ago 2021Artículo vendido;desde Reino Unido;
Command & Conquer parte 1: el tiberiumskonflikt (Sony PlayStation 1) ps1 juego;13,99 EUR;Envío no especificado;Vendidos  31 ago 2021Artículo vendido;desde Alemania;
Command & Conquer Red Alert 3 Ultimate Edition PS3 Playstation 3 * Free UK Post **;11,58 EUR;+ 2,90 EUR de envío;Vendidos  30 ago 2021Artículo vendido;desde Reino Unido;
Command & Conquer 2: alerta roja para (Sony PlayStation 1, ps1) con embalaje original;12,69 EUR;Envío no especificado;Vendidos  27 ago 2021Artículo vendido;desde Alemania;
Command & Conquer (completo) PlayStation 1, PS1, PLATINUM LABEL;11,54 EUR;Envío no especificado;Vendidos  26 ago 2021Artículo vendido;desde Reino Unido;
