FoxKids.com Micro Maniacs Racing -- Sony PlayStation 1 PS1 -- A+ CONDITION;30,64 EUR;+ 13,62 EUR de envío;desde Canadá;
